inputFiles/vanillac4_dem_1m.asc
ncols         769
nrows         149
xllcorner     100
yllcorner     25.75
cellsize      1
NODATA_value  -9999
[rows 28 to 55 of 149, columns 126 to 188 of 769]
1005.177 1005.181 1005.184 1005.187 1005.191 1005.194 1005.197 1005.201 1005.204 1005.207 1005.21 1005.214 1005.217 1005.22 1005.224 1005.227 1005.23 1005.234 1005.237 1005.24 1005.243 1005.247 1005.25 1005.253 1005.257 1005.26 1005.263 1005.267 1005.27 1005.273 1005.276 1005.28 1005.283 1005.286 1005.29 1005.293 1005.296 1005.3 1005.303 1005.306 1005.309 1005.313 1005.316 1005.319 1005.323 1005.326 1005.329 1005.333 1005.336 1005.339 1005.343 1005.346 1005.349 1005.352 1005.356 1005.359 1005.362 1005.366 1005.369 1005.372 1005.375 1005.379 1005.382
1005.111 1005.114 1005.117 1005.121 1005.124 1005.127 1005.131 1005.134 1005.137 1005.14 1005.144 1005.147 1005.15 1005.154 1005.157 1005.16 1005.164 1005.167 1005.17 1005.174 1005.177 1005.18 1005.183 1005.187 1005.19 1005.193 1005.197 1005.2 1005.203 1005.206 1005.21 1005.213 1005.216 1005.22 1005.223 1005.226 1005.23 1005.233 1005.236 1005.239 1005.243 1005.246 1005.249 1005.253 1005.256 1005.259 1005.263 1005.266 1005.269 1005.273 1005.276 1005.279 1005.282 1005.286 1005.289 1005.292 1005.296 1005.299 1005.302 1005.305 1005.309 1005.312 1005.315
1005.044 1005.047 1005.051 1005.054 1005.057 1005.061 1005.064 1005.067 1005.071 1005.074 1005.077 1005.08 1005.084 1005.087 1005.09 1005.094 1005.097 1005.1 1005.104 1005.107 1005.11 1005.113 1005.117 1005.12 1005.123 1005.127 1005.13 1005.133 1005.136 1005.14 1005.143 1005.146 1005.15 1005.153 1005.156 1005.16 1005.163 1005.166 1005.169 1005.173 1005.176 1005.179 1005.183 1005.186 1005.189 1005.193 1005.196 1005.199 1005.203 1005.206 1005.209 1005.212 1005.216 1005.219 1005.222 1005.226 1005.229 1005.232 1005.235 1005.239 1005.242 1005.245 1005.249
1004.977 1004.981 1004.984 1004.987 1004.991 1004.994 1004.997 1005.001 1005.004 1005.007 1005.01 1005.014 1005.017 1005.02 1005.024 1005.027 1005.03 1005.034 1005.037 1005.04 1005.043 1005.047 1005.05 1005.053 1005.057 1005.06 1005.063 1005.067 1005.07 1005.073 1005.076 1005.08 1005.083 1005.086 1005.09 1005.093 1005.096 1005.1 1005.103 1005.106 1005.109 1005.113 1005.116 1005.119 1005.123 1005.126 1005.129 1005.133 1005.136 1005.139 1005.143 1005.146 1005.149 1005.152 1005.156 1005.159 1005.162 1005.166 1005.169 1005.172 1005.175 1005.179 1005.182
1004.911 1004.914 1004.917 1004.921 1004.924 1004.927 1004.931 1004.934 1004.937 1004.94 1004.944 1004.947 1004.95 1004.954 1004.957 1004.96 1004.964 1004.967 1004.97 1004.974 1004.977 1004.98 1004.983 1004.987 1004.99 1004.993 1004.997 1005 1005.003 1005.006 1005.01 1005.013 1005.016 1005.02 1005.023 1005.026 1005.03 1005.033 1005.036 1005.039 1005.043 1005.046 1005.049 1005.053 1005.056 1005.059 1005.063 1005.066 1005.069 1005.073 1005.076 1005.079 1005.082 1005.086 1005.089 1005.092 1005.096 1005.099 1005.102 1005.105 1005.109 1005.112 1005.115
1004.844 1004.847 1004.851 1004.854 1004.857 1004.861 1004.864 1004.867 1004.871 1004.874 1004.877 1004.88 1004.884 1004.887 1004.89 1004.894 1004.897 1004.9 1004.904 1004.907 1004.91 1004.913 1004.917 1004.92 1004.923 1004.927 1004.93 1004.933 1004.936 1004.94 1004.943 1004.946 1004.95 1004.953 1004.956 1004.96 1004.963 1004.966 1004.97 1004.973 1004.976 1004.979 1004.983 1004.986 1004.989 1004.993 1004.996 1004.999 1005.003 1005.006 1005.009 1005.012 1005.016 1005.019 1005.022 1005.026 1005.029 1005.032 1005.035 1005.039 1005.042 1005.045 1005.049
1004.778 1004.781 1004.784 1004.787 1004.791 1004.794 1004.797 1004.801 1004.804 1004.807 1004.81 1004.814 1004.817 1004.82 1004.824 1004.827 1004.83 1004.834 1004.837 1004.84 1004.843 1004.847 1004.85 1004.853 1004.857 1004.86 1004.863 1004.867 1004.87 1004.873 1004.876 1004.88 1004.883 1004.886 1004.89 1004.893 1004.896 1004.9 1004.903 1004.906 1004.909 1004.913 1004.916 1004.919 1004.923 1004.926 1004.929 1004.932 1004.936 1004.939 1004.943 1004.946 1004.949 1004.952 1004.956 1004.959 1004.962 1004.966 1004.969 1004.972 1004.975 1004.979 1004.982
1004.711 1004.714 1004.717 1004.721 1004.724 1004.727 1004.731 1004.734 1004.737 1004.74 1004.744 1004.747 1004.75 1004.754 1004.757 1004.76 1004.764 1004.767 1004.77 1004.773 1004.777 1004.78 1004.783 1004.787 1004.79 1004.793 1004.797 1004.8 1004.803 1004.806 1004.81 1004.813 1004.816 1004.82 1004.823 1004.826 1004.83 1004.833 1004.836 1004.839 1004.843 1004.846 1004.849 1004.853 1004.856 1004.859 1004.863 1004.866 1004.869 1004.872 1004.876 1004.879 1004.882 1004.886 1004.889 1004.892 1004.896 1004.899 1004.902 1004.905 1004.909 1004.912 1004.915
1004.644 1004.647 1004.651 1004.654 1004.657 1004.661 1004.664 1004.667 1004.671 1004.674 1004.677 1004.68 1004.684 1004.687 1004.69 1004.694 1004.697 1004.7 1004.703 1004.707 1004.71 1004.713 1004.717 1004.72 1004.723 1004.727 1004.73 1004.733 1004.737 1004.74 1004.743 1004.746 1004.75 1004.753 1004.756 1004.76 1004.763 1004.766 1004.77 1004.773 1004.776 1004.779 1004.783 1004.786 1004.789 1004.793 1004.796 1004.799 1004.803 1004.806 1004.809 1004.812 1004.816 1004.819 1004.822 1004.826 1004.829 1004.832 1004.835 1004.839 1004.842 1004.845 1004.849
1004.578 1004.581 1004.584 1004.587 1004.591 1004.594 1004.597 1004.601 1004.604 1004.607 1004.61 1004.614 1004.617 1004.62 1004.624 1004.627 1004.63 1004.634 1004.637 1004.64 1004.643 1004.647 1004.65 1004.653 1004.657 1004.66 1004.663 1004.667 1004.67 1004.673 1004.676 1004.68 1004.683 1004.686 1004.69 1004.693 1004.696 1004.7 1004.703 1004.706 1004.709 1004.713 1004.716 1004.719 1004.723 1004.726 1004.729 1004.733 1004.736 1004.739 1004.742 1004.746 1004.749 1004.752 1004.756 1004.759 1004.762 1004.766 1004.769 1004.772 1004.775 1004.779 1004.782
1004.511 1004.514 1004.517 1004.521 1004.524 1004.527 1004.531 1004.534 1004.537 1004.54 1004.544 1004.547 1004.55 1004.554 1004.557 1004.56 1004.564 1004.567 1004.57 1004.573 1004.577 1004.58 1004.583 1004.587 1004.59 1004.593 1004.597 1004.6 1004.603 1004.606 1004.61 1004.613 1004.616 1004.62 1004.623 1004.626 1004.63 1004.633 1004.636 1004.639 1004.643 1004.646 1004.649 1004.653 1004.656 1004.659 1004.663 1004.666 1004.669 1004.672 1004.676 1004.679 1004.682 1004.686 1004.689 1004.692 1004.696 1004.699 1004.702 1004.706 1004.709 1004.712 1004.715
1004.444 1004.447 1004.451 1004.454 1004.457 1004.461 1004.464 1004.467 1004.471 1004.474 1004.477 1004.48 1004.484 1004.487 1004.49 1004.494 1004.497 1004.5 1004.503 1004.507 1004.51 1004.513 1004.517 1004.52 1004.523 1004.527 1004.53 1004.533 1004.536 1004.54 1004.543 1004.546 1004.55 1004.553 1004.556 1004.56 1004.563 1004.566 1004.57 1004.573 1004.576 1004.579 1004.583 1004.586 1004.589 1004.593 1004.596 1004.599 1004.603 1004.606 1004.609 1004.612 1004.616 1004.619 1004.622 1004.626 1004.629 1004.632 1004.635 1004.639 1004.642 1004.645 1004.649
1004.378 1004.381 1004.384 1004.387 1004.391 1004.394 1004.397 1004.401 1004.404 1004.407 1004.41 1004.414 1004.417 1004.42 1004.424 1004.427 1004.43 1004.434 1004.437 1004.44 1004.443 1004.447 1004.45 1004.453 1004.457 1004.46 1004.463 1004.467 1004.47 1004.473 1004.476 1004.48 1004.483 1004.486 1004.49 1004.493 1004.496 1004.5 1004.503 1004.506 1004.509 1004.513 1004.516 1004.519 1004.523 1004.526 1004.529 1004.533 1004.536 1004.539 1004.543 1004.546 1004.549 1004.552 1004.556 1004.559 1004.562 1004.566 1004.569 1004.572 1004.575 1004.579 1004.582
1004.311 1004.314 1004.317 1004.321 1004.324 1004.327 1004.331 1004.334 1004.337 1004.34 1004.344 1004.347 1004.35 1004.354 1004.357 1004.36 1004.364 1004.367 1004.37 1004.373 1004.377 1004.38 1004.383 1004.387 1004.39 1004.393 1004.397 1004.4 1004.403 1004.406 1004.41 1004.413 1004.416 1004.42 1004.423 1004.426 1004.43 1004.433 1004.436 1004.439 1004.443 1004.446 1004.449 1004.453 1004.456 1004.459 1004.463 1004.466 1004.469 1004.472 1004.476 1004.479 1004.482 1004.486 1004.489 1004.492 1004.496 1004.499 1004.502 1004.505 1004.509 1004.512 1004.515
1004.244 1004.247 1004.251 1004.254 1004.257 1004.261 1004.264 1004.267 1004.271 1004.274 1004.277 1004.28 1004.284 1004.287 1004.29 1004.294 1004.297 1004.3 1004.303 1004.307 1004.31 1004.313 1004.317 1004.32 1004.323 1004.327 1004.33 1004.333 1004.336 1004.34 1004.343 1004.346 1004.35 1004.353 1004.356 1004.36 1004.363 1004.366 1004.37 1004.373 1004.376 1004.379 1004.383 1004.386 1004.389 1004.393 1004.396 1004.399 1004.403 1004.406 1004.409 1004.412 1004.416 1004.419 1004.422 1004.426 1004.429 1004.432 1004.435 1004.439 1004.442 1004.445 1004.449
1004.177 1004.181 1004.184 1004.187 1004.191 1004.194 1004.197 1004.201 1004.204 1004.207 1004.21 1004.214 1004.217 1004.22 1004.224 1004.227 1004.23 1004.234 1004.237 1004.24 1004.243 1004.247 1004.25 1004.253 1004.257 1004.26 1004.263 1004.267 1004.27 1004.273 1004.276 1004.28 1004.283 1004.286 1004.29 1004.293 1004.296 1004.3 1004.303 1004.306 1004.309 1004.313 1004.316 1004.319 1004.323 1004.326 1004.329 1004.333 1004.336 1004.339 1004.343 1004.346 1004.349 1004.352 1004.356 1004.359 1004.362 1004.366 1004.369 1004.372 1004.375 1004.379 1004.382
1004.111 1004.114 1004.117 1004.121 1004.124 1004.127 1004.131 1004.134 1004.137 1004.14 1004.144 1004.147 1004.15 1004.154 1004.157 1004.16 1004.164 1004.167 1004.17 1004.174 1004.177 1004.18 1004.183 1004.187 1004.19 1004.193 1004.197 1004.2 1004.203 1004.206 1004.21 1004.213 1004.216 1004.22 1004.223 1004.226 1004.23 1004.233 1004.236 1004.239 1004.243 1004.246 1004.249 1004.253 1004.256 1004.259 1004.263 1004.266 1004.269 1004.273 1004.276 1004.279 1004.282 1004.286 1004.289 1004.292 1004.296 1004.299 1004.302 1004.305 1004.309 1004.312 1004.315
1004.044 1004.047 1004.051 1004.054 1004.057 1004.061 1004.064 1004.067 1004.071 1004.074 1004.077 1004.08 1004.084 1004.087 1004.09 1004.094 1004.097 1004.1 1004.104 1004.107 1004.11 1004.113 1004.117 1004.12 1004.123 1004.127 1004.13 1004.133 1004.136 1004.14 1004.143 1004.146 1004.15 1004.153 1004.156 1004.16 1004.163 1004.166 1004.169 1004.173 1004.176 1004.179 1004.183 1004.186 1004.189 1004.193 1004.196 1004.199 1004.203 1004.206 1004.209 1004.212 1004.216 1004.219 1004.222 1004.226 1004.229 1004.232 1004.235 1004.239 1004.242 1004.245 1004.249
1003.977 1003.981 1003.984 1003.987 1003.991 1003.994 1003.997 1004.001 1004.004 1004.007 1004.01 1004.014 1004.017 1004.02 1004.024 1004.027 1004.03 1004.034 1004.037 1004.04 1004.043 1004.047 1004.05 1004.053 1004.057 1004.06 1004.063 1004.067 1004.07 1004.073 1004.076 1004.08 1004.083 1004.086 1004.09 1004.093 1004.096 1004.1 1004.103 1004.106 1004.109 1004.113 1004.116 1004.119 1004.123 1004.126 1004.129 1004.133 1004.136 1004.139 1004.143 1004.146 1004.149 1004.152 1004.156 1004.159 1004.162 1004.166 1004.169 1004.172 1004.175 1004.179 1004.182
1003.911 1003.914 1003.917 1003.921 1003.924 1003.927 1003.931 1003.934 1003.937 1003.94 1003.944 1003.947 1003.95 1003.954 1003.957 1003.96 1003.964 1003.967 1003.97 1003.974 1003.977 1003.98 1003.983 1003.987 1003.99 1003.993 1003.997 1004 1004.003 1004.006 1004.01 1004.013 1004.016 1004.02 1004.023 1004.026 1004.03 1004.033 1004.036 1004.039 1004.043 1004.046 1004.049 1004.053 1004.056 1004.059 1004.063 1004.066 1004.069 1004.073 1004.076 1004.079 1004.082 1004.086 1004.089 1004.092 1004.096 1004.099 1004.102 1004.105 1004.109 1004.112 1004.115
1003.844 1003.847 1003.851 1003.854 1003.857 1003.861 1003.864 1003.867 1003.871 1003.874 1003.877 1003.88 1003.884 1003.887 1003.89 1003.894 1003.897 1003.9 1003.904 1003.907 1003.91 1003.913 1003.917 1003.92 1003.923 1003.927 1003.93 1003.933 1003.936 1003.94 1003.943 1003.946 1003.95 1003.953 1003.956 1003.96 1003.963 1003.966 1003.97 1003.973 1003.976 1003.979 1003.983 1003.986 1003.989 1003.993 1003.996 1003.999 1004.003 1004.006 1004.009 1004.012 1004.016 1004.019 1004.022 1004.026 1004.029 1004.032 1004.035 1004.039 1004.042 1004.045 1004.049
1003.778 1003.781 1003.784 1003.787 1003.791 1003.794 1003.797 1003.801 1003.804 1003.807 1003.81 1003.814 1003.817 1003.82 1003.824 1003.827 1003.83 1003.834 1003.837 1003.84 1003.843 1003.847 1003.85 1003.853 1003.857 1003.86 1003.863 1003.867 1003.87 1003.873 1003.876 1003.88 1003.883 1003.886 1003.89 1003.893 1003.896 1003.9 1003.903 1003.906 1003.909 1003.913 1003.916 1003.919 1003.923 1003.926 1003.929 1003.932 1003.936 1003.939 1003.943 1003.946 1003.949 1003.952 1003.956 1003.959 1003.962 1003.966 1003.969 1003.972 1003.975 1003.979 1003.982
1003.711 1003.714 1003.717 1003.721 1003.724 1003.727 1003.731 1003.734 1003.737 1003.74 1003.744 1003.747 1003.75 1003.754 1003.757 1003.76 1003.764 1003.767 1003.77 1003.773 1003.777 1003.78 1003.783 1003.787 1003.79 1003.793 1003.797 1003.8 1003.803 1003.806 1003.81 1003.813 1003.816 1003.82 1003.823 1003.826 1003.83 1003.833 1003.836 1003.839 1003.843 1003.846 1003.849 1003.853 1003.856 1003.859 1003.863 1003.866 1003.869 1003.872 1003.876 1003.879 1003.882 1003.886 1003.889 1003.892 1003.896 1003.899 1003.902 1003.905 1003.909 1003.912 1003.915
1003.644 1003.647 1003.651 1003.654 1003.657 1003.661 1003.664 1003.667 1003.671 1003.674 1003.677 1003.68 1003.684 1003.687 1003.69 1003.694 1003.697 1003.7 1003.703 1003.707 1003.71 1003.713 1003.717 1003.72 1003.723 1003.727 1003.73 1003.733 1003.737 1003.74 1003.743 1003.746 1003.75 1003.753 1003.756 1003.76 1003.763 1003.766 1003.77 1003.773 1003.776 1003.779 1003.783 1003.786 1003.789 1003.793 1003.796 1003.799 1003.803 1003.806 1003.809 1003.812 1003.816 1003.819 1003.822 1003.826 1003.829 1003.832 1003.835 1003.839 1003.842 1003.845 1003.849
1003.578 1003.581 1003.584 1003.587 1003.591 1003.594 1003.597 1003.601 1003.604 1003.607 1003.61 1003.614 1003.617 1003.62 1003.624 1003.627 1003.63 1003.634 1003.637 1003.64 1003.643 1003.647 1003.65 1003.653 1003.657 1003.66 1003.663 1003.667 1003.67 1003.673 1003.676 1003.68 1003.683 1003.686 1003.69 1003.693 1003.696 1003.7 1003.703 1003.706 1003.709 1003.713 1003.716 1003.719 1003.723 1003.726 1003.729 1003.733 1003.736 1003.739 1003.742 1003.746 1003.749 1003.752 1003.756 1003.759 1003.762 1003.766 1003.769 1003.772 1003.775 1003.779 1003.782
1003.511 1003.514 1003.517 1003.521 1003.524 1003.527 1003.531 1003.534 1003.537 1003.54 1003.544 1003.547 1003.55 1003.554 1003.557 1003.56 1003.564 1003.567 1003.57 1003.573 1003.577 1003.58 1003.583 1003.587 1003.59 1003.593 1003.597 1003.6 1003.603 1003.606 1003.61 1003.613 1003.616 1003.62 1003.623 1003.626 1003.63 1003.633 1003.636 1003.639 1003.643 1003.646 1003.649 1003.653 1003.656 1003.659 1003.663 1003.666 1003.669 1003.672 1003.676 1003.679 1003.682 1003.686 1003.689 1003.692 1003.696 1003.699 1003.702 1003.706 1003.709 1003.712 1003.715
1003.444 1003.447 1003.451 1003.454 1003.457 1003.461 1003.464 1003.467 1003.471 1003.474 1003.477 1003.48 1003.484 1003.487 1003.49 1003.494 1003.497 1003.5 1003.503 1003.507 1003.51 1003.513 1003.517 1003.52 1003.523 1003.527 1003.53 1003.533 1003.536 1003.54 1003.543 1003.546 1003.55 1003.553 1003.556 1003.56 1003.563 1003.566 1003.57 1003.573 1003.576 1003.579 1003.583 1003.586 1003.589 1003.593 1003.596 1003.599 1003.603 1003.606 1003.609 1003.612 1003.616 1003.619 1003.622 1003.626 1003.629 1003.632 1003.635 1003.639 1003.642 1003.645 1003.649
1003.378 1003.381 1003.384 1003.387 1003.391 1003.394 1003.397 1003.401 1003.404 1003.407 1003.41 1003.414 1003.417 1003.42 1003.424 1003.427 1003.43 1003.434 1003.437 1003.44 1003.443 1003.447 1003.45 1003.453 1003.457 1003.46 1003.463 1003.467 1003.47 1003.473 1003.476 1003.48 1003.483 1003.486 1003.49 1003.493 1003.496 1003.5 1003.503 1003.506 1003.509 1003.513 1003.516 1003.519 1003.523 1003.526 1003.529 1003.533 1003.536 1003.539 1003.543 1003.546 1003.549 1003.552 1003.556 1003.559 1003.562 1003.566 1003.569 1003.572 1003.575 1003.579 1003.582
