inputFiles/vanillac4_dem_1m.asc
ncols         769
nrows         149
xllcorner     100
yllcorner     25.75
cellsize      1
NODATA_value  -9999
[rows 84 to 111 of 149, columns 441 to 503 of 769]
1003.318 1003.321 1003.324 1003.327 1003.331 1003.334 1003.337 1003.341 1003.344 1003.347 1003.351 1003.354 1003.357 1003.36 1003.364 1003.367 1003.37 1003.374 1003.377 1003.38 1003.384 1003.387 1003.39 1003.393 1003.397 1003.4 1003.403 1003.407 1003.41 1003.413 1003.417 1003.42 1003.423 1003.426 1003.43 1003.433 1003.436 1003.44 1003.443 1003.446 1003.449 1003.453 1003.456 1003.459 1003.463 1003.466 1003.469 1003.473 1003.476 1003.479 1003.482 1003.486 1003.489 1003.492 1003.496 1003.499 1003.502 1003.506 1003.509 1003.512 1003.516 1003.519 1003.522
1003.402 1003.405 1003.409 1003.412 1003.415 1003.419 1003.422 1003.425 1003.428 1003.432 1003.435 1003.438 1003.442 1003.445 1003.448 1003.452 1003.455 1003.458 1003.461 1003.465 1003.468 1003.471 1003.475 1003.478 1003.481 1003.485 1003.488 1003.491 1003.495 1003.498 1003.501 1003.504 1003.508 1003.511 1003.514 1003.518 1003.521 1003.524 1003.528 1003.531 1003.534 1003.537 1003.541 1003.544 1003.547 1003.551 1003.554 1003.557 1003.56 1003.564 1003.567 1003.57 1003.574 1003.577 1003.58 1003.584 1003.587 1003.59 1003.594 1003.597 1003.6 1003.603 1003.607
1003.49 1003.493 1003.496 1003.5 1003.503 1003.506 1003.51 1003.513 1003.516 1003.519 1003.523 1003.526 1003.529 1003.533 1003.536 1003.539 1003.543 1003.546 1003.549 1003.552 1003.556 1003.559 1003.562 1003.566 1003.569 1003.572 1003.576 1003.579 1003.582 1003.585 1003.589 1003.592 1003.595 1003.599 1003.602 1003.605 1003.609 1003.612 1003.615 1003.618 1003.622 1003.625 1003.628 1003.632 1003.635 1003.638 1003.642 1003.645 1003.648 1003.651 1003.655 1003.658 1003.661 1003.665 1003.668 1003.671 1003.674 1003.678 1003.681 1003.684 1003.688 1003.691 1003.694
1003.59 1003.593 1003.596 1003.6 1003.603 1003.606 1003.609 1003.613 1003.616 1003.619 1003.623 1003.626 1003.629 1003.633 1003.636 1003.639 1003.643 1003.646 1003.649 1003.652 1003.656 1003.659 1003.662 1003.666 1003.669 1003.672 1003.675 1003.679 1003.682 1003.685 1003.689 1003.692 1003.695 1003.699 1003.702 1003.705 1003.708 1003.712 1003.715 1003.718 1003.722 1003.725 1003.728 1003.732 1003.735 1003.738 1003.742 1003.745 1003.748 1003.751 1003.755 1003.758 1003.761 1003.765 1003.768 1003.771 1003.774 1003.778 1003.781 1003.784 1003.788 1003.791 1003.794
1003.694 1003.697 1003.7 1003.704 1003.707 1003.71 1003.714 1003.717 1003.72 1003.724 1003.727 1003.73 1003.733 1003.737 1003.74 1003.743 1003.747 1003.75 1003.753 1003.757 1003.76 1003.763 1003.766 1003.77 1003.773 1003.776 1003.78 1003.783 1003.786 1003.79 1003.793 1003.796 1003.799 1003.803 1003.806 1003.809 1003.813 1003.816 1003.819 1003.823 1003.826 1003.829 1003.832 1003.836 1003.839 1003.842 1003.846 1003.849 1003.852 1003.856 1003.859 1003.862 1003.865 1003.869 1003.872 1003.875 1003.879 1003.882 1003.885 1003.889 1003.892 1003.895 1003.898
1003.809 1003.813 1003.816 1003.819 1003.822 1003.826 1003.829 1003.832 1003.836 1003.839 1003.842 1003.845 1003.849 1003.852 1003.855 1003.859 1003.862 1003.865 1003.869 1003.872 1003.875 1003.878 1003.882 1003.885 1003.888 1003.892 1003.895 1003.898 1003.902 1003.905 1003.908 1003.911 1003.915 1003.918 1003.921 1003.925 1003.928 1003.931 1003.935 1003.938 1003.941 1003.944 1003.948 1003.951 1003.954 1003.958 1003.961 1003.964 1003.968 1003.971 1003.974 1003.977 1003.981 1003.984 1003.987 1003.991 1003.994 1003.997 1004.001 1004.004 1004.007 1004.01 1004.014
1003.93 1003.933 1003.937 1003.94 1003.943 1003.946 1003.95 1003.953 1003.956 1003.96 1003.963 1003.966 1003.97 1003.973 1003.976 1003.979 1003.983 1003.986 1003.989 1003.993 1003.996 1003.999 1004.003 1004.006 1004.009 1004.012 1004.016 1004.019 1004.022 1004.026 1004.029 1004.032 1004.035 1004.039 1004.042 1004.045 1004.049 1004.052 1004.055 1004.059 1004.062 1004.065 1004.068 1004.072 1004.075 1004.078 1004.082 1004.085 1004.088 1004.092 1004.095 1004.098 1004.102 1004.105 1004.108 1004.111 1004.115 1004.118 1004.121 1004.125 1004.128 1004.131 1004.135
1004.061 1004.064 1004.067 1004.07 1004.074 1004.077 1004.08 1004.084 1004.087 1004.09 1004.094 1004.097 1004.1 1004.104 1004.107 1004.11 1004.113 1004.117 1004.12 1004.123 1004.127 1004.13 1004.133 1004.136 1004.14 1004.143 1004.146 1004.15 1004.153 1004.156 1004.16 1004.163 1004.166 1004.169 1004.173 1004.176 1004.179 1004.183 1004.186 1004.189 1004.193 1004.196 1004.199 1004.203 1004.206 1004.209 1004.212 1004.216 1004.219 1004.222 1004.226 1004.229 1004.232 1004.235 1004.239 1004.242 1004.245 1004.249 1004.252 1004.255 1004.259 1004.262 1004.265
1004.198 1004.201 1004.204 1004.208 1004.211 1004.214 1004.218 1004.221 1004.224 1004.228 1004.231 1004.234 1004.237 1004.241 1004.244 1004.247 1004.251 1004.254 1004.257 1004.261 1004.264 1004.267 1004.27 1004.274 1004.277 1004.28 1004.284 1004.287 1004.29 1004.294 1004.297 1004.3 1004.303 1004.307 1004.31 1004.313 1004.317 1004.32 1004.323 1004.327 1004.33 1004.333 1004.336 1004.34 1004.343 1004.346 1004.35 1004.353 1004.356 1004.36 1004.363 1004.366 1004.369 1004.373 1004.376 1004.379 1004.383 1004.386 1004.389 1004.393 1004.396 1004.399 1004.402
1004.344 1004.347 1004.351 1004.354 1004.357 1004.36 1004.364 1004.367 1004.37 1004.374 1004.377 1004.38 1004.384 1004.387 1004.39 1004.393 1004.397 1004.4 1004.403 1004.407 1004.41 1004.413 1004.417 1004.42 1004.423 1004.426 1004.43 1004.433 1004.436 1004.44 1004.443 1004.446 1004.449 1004.453 1004.456 1004.459 1004.463 1004.466 1004.469 1004.473 1004.476 1004.479 1004.482 1004.486 1004.489 1004.492 1004.496 1004.499 1004.502 1004.506 1004.509 1004.512 1004.516 1004.519 1004.522 1004.525 1004.529 1004.532 1004.535 1004.539 1004.542 1004.545 1004.549
1004.45 1004.454 1004.457 1004.46 1004.464 1004.467 1004.47 1004.473 1004.477 1004.48 1004.483 1004.487 1004.49 1004.493 1004.496 1004.5 1004.503 1004.506 1004.51 1004.513 1004.516 1004.52 1004.523 1004.526 1004.529 1004.533 1004.536 1004.539 1004.543 1004.546 1004.549 1004.553 1004.556 1004.559 1004.563 1004.566 1004.569 1004.572 1004.576 1004.579 1004.582 1004.586 1004.589 1004.592 1004.596 1004.599 1004.602 1004.605 1004.609 1004.612 1004.615 1004.619 1004.622 1004.625 1004.629 1004.632 1004.635 1004.638 1004.642 1004.645 1004.648 1004.652 1004.655
1004.517 1004.52 1004.524 1004.527 1004.53 1004.533 1004.537 1004.54 1004.543 1004.547 1004.55 1004.553 1004.557 1004.56 1004.563 1004.566 1004.57 1004.573 1004.576 1004.58 1004.583 1004.586 1004.59 1004.593 1004.596 1004.599 1004.603 1004.606 1004.609 1004.613 1004.616 1004.619 1004.622 1004.626 1004.629 1004.633 1004.636 1004.639 1004.642 1004.646 1004.649 1004.652 1004.656 1004.659 1004.662 1004.665 1004.669 1004.672 1004.675 1004.679 1004.682 1004.685 1004.689 1004.692 1004.695 1004.698 1004.702 1004.705 1004.708 1004.712 1004.715 1004.718 1004.722
1004.584 1004.587 1004.59 1004.593 1004.597 1004.6 1004.603 1004.607 1004.61 1004.613 1004.617 1004.62 1004.623 1004.626 1004.63 1004.633 1004.636 1004.64 1004.643 1004.646 1004.65 1004.653 1004.656 1004.66 1004.663 1004.666 1004.669 1004.673 1004.676 1004.679 1004.683 1004.686 1004.689 1004.693 1004.696 1004.699 1004.702 1004.706 1004.709 1004.712 1004.716 1004.719 1004.722 1004.726 1004.729 1004.732 1004.735 1004.739 1004.742 1004.745 1004.749 1004.752 1004.755 1004.758 1004.762 1004.765 1004.768 1004.772 1004.775 1004.778 1004.782 1004.785 1004.788
1004.65 1004.654 1004.657 1004.66 1004.664 1004.667 1004.67 1004.673 1004.677 1004.68 1004.683 1004.687 1004.69 1004.693 1004.696 1004.7 1004.703 1004.706 1004.71 1004.713 1004.716 1004.72 1004.723 1004.726 1004.729 1004.733 1004.736 1004.739 1004.743 1004.746 1004.749 1004.753 1004.756 1004.759 1004.762 1004.766 1004.769 1004.772 1004.776 1004.779 1004.782 1004.786 1004.789 1004.792 1004.796 1004.799 1004.802 1004.805 1004.809 1004.812 1004.815 1004.819 1004.822 1004.825 1004.829 1004.832 1004.835 1004.838 1004.842 1004.845 1004.848 1004.852 1004.855
1004.717 1004.72 1004.724 1004.727 1004.73 1004.733 1004.737 1004.74 1004.743 1004.747 1004.75 1004.753 1004.757 1004.76 1004.763 1004.766 1004.77 1004.773 1004.776 1004.78 1004.783 1004.786 1004.79 1004.793 1004.796 1004.799 1004.803 1004.806 1004.809 1004.813 1004.816 1004.819 1004.823 1004.826 1004.829 1004.832 1004.836 1004.839 1004.842 1004.846 1004.849 1004.852 1004.856 1004.859 1004.862 1004.865 1004.869 1004.872 1004.875 1004.879 1004.882 1004.885 1004.889 1004.892 1004.895 1004.898 1004.902 1004.905 1004.908 1004.912 1004.915 1004.918 1004.922
1004.784 1004.787 1004.79 1004.793 1004.797 1004.8 1004.803 1004.807 1004.81 1004.813 1004.817 1004.82 1004.823 1004.826 1004.83 1004.833 1004.836 1004.84 1004.843 1004.846 1004.85 1004.853 1004.856 1004.86 1004.863 1004.866 1004.869 1004.873 1004.876 1004.879 1004.883 1004.886 1004.889 1004.893 1004.896 1004.899 1004.902 1004.906 1004.909 1004.912 1004.916 1004.919 1004.922 1004.926 1004.929 1004.932 1004.935 1004.939 1004.942 1004.945 1004.949 1004.952 1004.955 1004.958 1004.962 1004.965 1004.968 1004.972 1004.975 1004.978 1004.982 1004.985 1004.988
1004.85 1004.854 1004.857 1004.86 1004.864 1004.867 1004.87 1004.873 1004.877 1004.88 1004.883 1004.887 1004.89 1004.893 1004.896 1004.9 1004.903 1004.906 1004.91 1004.913 1004.916 1004.92 1004.923 1004.926 1004.929 1004.933 1004.936 1004.939 1004.943 1004.946 1004.949 1004.953 1004.956 1004.959 1004.962 1004.966 1004.969 1004.972 1004.976 1004.979 1004.982 1004.986 1004.989 1004.992 1004.995 1004.999 1005.002 1005.005 1005.009 1005.012 1005.015 1005.019 1005.022 1005.025 1005.029 1005.032 1005.035 1005.038 1005.042 1005.045 1005.048 1005.052 1005.055
1004.917 1004.92 1004.924 1004.927 1004.93 1004.933 1004.937 1004.94 1004.943 1004.947 1004.95 1004.953 1004.957 1004.96 1004.963 1004.966 1004.97 1004.973 1004.976 1004.98 1004.983 1004.986 1004.99 1004.993 1004.996 1004.999 1005.003 1005.006 1005.009 1005.013 1005.016 1005.019 1005.023 1005.026 1005.029 1005.032 1005.036 1005.039 1005.042 1005.046 1005.049 1005.052 1005.056 1005.059 1005.062 1005.065 1005.069 1005.072 1005.075 1005.079 1005.082 1005.085 1005.089 1005.092 1005.095 1005.098 1005.102 1005.105 1005.108 1005.112 1005.115 1005.118 1005.122
1004.984 1004.987 1004.99 1004.993 1004.997 1005 1005.003 1005.007 1005.01 1005.013 1005.017 1005.02 1005.023 1005.026 1005.03 1005.033 1005.036 1005.04 1005.043 1005.046 1005.05 1005.053 1005.056 1005.06 1005.063 1005.066 1005.069 1005.073 1005.076 1005.079 1005.083 1005.086 1005.089 1005.092 1005.096 1005.099 1005.102 1005.106 1005.109 1005.112 1005.116 1005.119 1005.122 1005.126 1005.129 1005.132 1005.135 1005.139 1005.142 1005.145 1005.149 1005.152 1005.155 1005.159 1005.162 1005.165 1005.168 1005.172 1005.175 1005.178 1005.182 1005.185 1005.188
1005.05 1005.054 1005.057 1005.06 1005.064 1005.067 1005.07 1005.073 1005.077 1005.08 1005.083 1005.087 1005.09 1005.093 1005.096 1005.1 1005.103 1005.106 1005.11 1005.113 1005.116 1005.12 1005.123 1005.126 1005.129 1005.133 1005.136 1005.139 1005.143 1005.146 1005.149 1005.153 1005.156 1005.159 1005.162 1005.166 1005.169 1005.172 1005.176 1005.179 1005.182 1005.186 1005.189 1005.192 1005.195 1005.199 1005.202 1005.205 1005.209 1005.212 1005.215 1005.219 1005.222 1005.225 1005.229 1005.232 1005.235 1005.238 1005.242 1005.245 1005.248 1005.252 1005.255
1005.117 1005.12 1005.124 1005.127 1005.13 1005.133 1005.137 1005.14 1005.143 1005.147 1005.15 1005.153 1005.157 1005.16 1005.163 1005.166 1005.17 1005.173 1005.176 1005.18 1005.183 1005.186 1005.19 1005.193 1005.196 1005.199 1005.203 1005.206 1005.209 1005.213 1005.216 1005.219 1005.222 1005.226 1005.229 1005.232 1005.236 1005.239 1005.242 1005.246 1005.249 1005.252 1005.256 1005.259 1005.262 1005.265 1005.269 1005.272 1005.275 1005.279 1005.282 1005.285 1005.289 1005.292 1005.295 1005.298 1005.302 1005.305 1005.308 1005.312 1005.315 1005.318 1005.322
1005.184 1005.187 1005.19 1005.193 1005.197 1005.2 1005.203 1005.207 1005.21 1005.213 1005.217 1005.22 1005.223 1005.227 1005.23 1005.233 1005.236 1005.24 1005.243 1005.246 1005.25 1005.253 1005.256 1005.26 1005.263 1005.266 1005.269 1005.273 1005.276 1005.279 1005.283 1005.286 1005.289 1005.292 1005.296 1005.299 1005.302 1005.306 1005.309 1005.312 1005.316 1005.319 1005.322 1005.326 1005.329 1005.332 1005.335 1005.339 1005.342 1005.345 1005.349 1005.352 1005.355 1005.358 1005.362 1005.365 1005.368 1005.372 1005.375 1005.378 1005.382 1005.385 1005.388
1005.25 1005.254 1005.257 1005.26 1005.264 1005.267 1005.27 1005.273 1005.277 1005.28 1005.283 1005.287 1005.29 1005.293 1005.296 1005.3 1005.303 1005.306 1005.31 1005.313 1005.316 1005.32 1005.323 1005.326 1005.329 1005.333 1005.336 1005.339 1005.343 1005.346 1005.349 1005.353 1005.356 1005.359 1005.362 1005.366 1005.369 1005.372 1005.376 1005.379 1005.382 1005.386 1005.389 1005.392 1005.396 1005.399 1005.402 1005.405 1005.409 1005.412 1005.415 1005.419 1005.422 1005.425 1005.429 1005.432 1005.435 1005.438 1005.442 1005.445 1005.448 1005.452 1005.455
1005.317 1005.32 1005.324 1005.327 1005.33 1005.333 1005.337 1005.34 1005.343 1005.347 1005.35 1005.353 1005.357 1005.36 1005.363 1005.366 1005.37 1005.373 1005.376 1005.38 1005.383 1005.386 1005.39 1005.393 1005.396 1005.399 1005.403 1005.406 1005.409 1005.413 1005.416 1005.419 1005.422 1005.426 1005.429 1005.432 1005.436 1005.439 1005.442 1005.446 1005.449 1005.452 1005.456 1005.459 1005.462 1005.465 1005.469 1005.472 1005.475 1005.479 1005.482 1005.485 1005.489 1005.492 1005.495 1005.498 1005.502 1005.505 1005.508 1005.512 1005.515 1005.518 1005.522
1005.384 1005.387 1005.39 1005.393 1005.397 1005.4 1005.403 1005.407 1005.41 1005.413 1005.417 1005.42 1005.423 1005.427 1005.43 1005.433 1005.436 1005.44 1005.443 1005.446 1005.45 1005.453 1005.456 1005.46 1005.463 1005.466 1005.469 1005.473 1005.476 1005.479 1005.483 1005.486 1005.489 1005.492 1005.496 1005.499 1005.502 1005.506 1005.509 1005.512 1005.516 1005.519 1005.522 1005.526 1005.529 1005.532 1005.535 1005.539 1005.542 1005.545 1005.549 1005.552 1005.555 1005.558 1005.562 1005.565 1005.568 1005.572 1005.575 1005.578 1005.582 1005.585 1005.588
1005.45 1005.454 1005.457 1005.46 1005.464 1005.467 1005.47 1005.473 1005.477 1005.48 1005.483 1005.487 1005.49 1005.493 1005.496 1005.5 1005.503 1005.506 1005.51 1005.513 1005.516 1005.52 1005.523 1005.526 1005.529 1005.533 1005.536 1005.539 1005.543 1005.546 1005.549 1005.553 1005.556 1005.559 1005.563 1005.566 1005.569 1005.572 1005.576 1005.579 1005.582 1005.586 1005.589 1005.592 1005.596 1005.599 1005.602 1005.605 1005.609 1005.612 1005.615 1005.619 1005.622 1005.625 1005.629 1005.632 1005.635 1005.638 1005.642 1005.645 1005.648 1005.652 1005.655
1005.517 1005.52 1005.524 1005.527 1005.53 1005.533 1005.537 1005.54 1005.543 1005.547 1005.55 1005.553 1005.557 1005.56 1005.563 1005.566 1005.57 1005.573 1005.576 1005.58 1005.583 1005.586 1005.59 1005.593 1005.596 1005.599 1005.603 1005.606 1005.609 1005.613 1005.616 1005.619 1005.622 1005.626 1005.629 1005.633 1005.636 1005.639 1005.642 1005.646 1005.649 1005.652 1005.656 1005.659 1005.662 1005.665 1005.669 1005.672 1005.675 1005.679 1005.682 1005.685 1005.689 1005.692 1005.695 1005.698 1005.702 1005.705 1005.708 1005.712 1005.715 1005.718 1005.722
1005.584 1005.587 1005.59 1005.593 1005.597 1005.6 1005.603 1005.607 1005.61 1005.613 1005.617 1005.62 1005.623 1005.626 1005.63 1005.633 1005.636 1005.64 1005.643 1005.646 1005.65 1005.653 1005.656 1005.66 1005.663 1005.666 1005.669 1005.673 1005.676 1005.679 1005.683 1005.686 1005.689 1005.693 1005.696 1005.699 1005.702 1005.706 1005.709 1005.712 1005.716 1005.719 1005.722 1005.726 1005.729 1005.732 1005.735 1005.739 1005.742 1005.745 1005.749 1005.752 1005.755 1005.758 1005.762 1005.765 1005.768 1005.772 1005.775 1005.778 1005.782 1005.785 1005.788
