inputFiles/vanillac4_dem_1m.asc
ncols         769
nrows         149
xllcorner     100
yllcorner     25.75
cellsize      1
NODATA_value  -9999
[rows 112 to 139 of 149, columns 378 to 440 of 769]
1005.442 1005.446 1005.449 1005.452 1005.456 1005.459 1005.462 1005.465 1005.469 1005.472 1005.475 1005.479 1005.482 1005.485 1005.489 1005.492 1005.495 1005.499 1005.502 1005.505 1005.508 1005.512 1005.515 1005.518 1005.522 1005.525 1005.528 1005.531 1005.535 1005.538 1005.541 1005.545 1005.548 1005.551 1005.555 1005.558 1005.561 1005.565 1005.568 1005.571 1005.574 1005.578 1005.581 1005.584 1005.588 1005.591 1005.594 1005.597 1005.601 1005.604 1005.607 1005.611 1005.614 1005.617 1005.621 1005.624 1005.627 1005.63 1005.634 1005.637 1005.64 1005.644 1005.647
1005.509 1005.512 1005.516 1005.519 1005.522 1005.526 1005.529 1005.532 1005.536 1005.539 1005.542 1005.545 1005.549 1005.552 1005.555 1005.559 1005.562 1005.565 1005.568 1005.572 1005.575 1005.578 1005.582 1005.585 1005.588 1005.592 1005.595 1005.598 1005.601 1005.605 1005.608 1005.611 1005.615 1005.618 1005.621 1005.625 1005.628 1005.631 1005.634 1005.638 1005.641 1005.644 1005.648 1005.651 1005.654 1005.658 1005.661 1005.664 1005.667 1005.671 1005.674 1005.677 1005.681 1005.684 1005.687 1005.69 1005.694 1005.697 1005.7 1005.704 1005.707 1005.71 1005.714
1005.576 1005.579 1005.582 1005.586 1005.589 1005.592 1005.596 1005.599 1005.602 1005.605 1005.609 1005.612 1005.615 1005.619 1005.622 1005.625 1005.629 1005.632 1005.635 1005.638 1005.642 1005.645 1005.648 1005.652 1005.655 1005.658 1005.661 1005.665 1005.668 1005.671 1005.675 1005.678 1005.681 1005.685 1005.688 1005.691 1005.695 1005.698 1005.701 1005.704 1005.708 1005.711 1005.714 1005.718 1005.721 1005.724 1005.727 1005.731 1005.734 1005.737 1005.741 1005.744 1005.747 1005.751 1005.754 1005.757 1005.761 1005.764 1005.767 1005.77 1005.774 1005.777 1005.78
1005.642 1005.646 1005.649 1005.652 1005.656 1005.659 1005.662 1005.665 1005.669 1005.672 1005.675 1005.679 1005.682 1005.685 1005.689 1005.692 1005.695 1005.698 1005.702 1005.705 1005.708 1005.712 1005.715 1005.718 1005.722 1005.725 1005.728 1005.732 1005.735 1005.738 1005.741 1005.745 1005.748 1005.751 1005.755 1005.758 1005.761 1005.765 1005.768 1005.771 1005.774 1005.778 1005.781 1005.784 1005.788 1005.791 1005.794 1005.797 1005.801 1005.804 1005.807 1005.811 1005.814 1005.817 1005.821 1005.824 1005.827 1005.831 1005.834 1005.837 1005.84 1005.844 1005.847
1005.709 1005.712 1005.716 1005.719 1005.722 1005.725 1005.729 1005.732 1005.736 1005.739 1005.742 1005.745 1005.749 1005.752 1005.755 1005.759 1005.762 1005.765 1005.768 1005.772 1005.775 1005.778 1005.782 1005.785 1005.788 1005.792 1005.795 1005.798 1005.801 1005.805 1005.808 1005.811 1005.815 1005.818 1005.821 1005.825 1005.828 1005.831 1005.834 1005.838 1005.841 1005.844 1005.848 1005.851 1005.854 1005.858 1005.861 1005.864 1005.867 1005.871 1005.874 1005.877 1005.881 1005.884 1005.887 1005.891 1005.894 1005.897 1005.9 1005.904 1005.907 1005.91 1005.914
1005.776 1005.779 1005.782 1005.786 1005.789 1005.792 1005.796 1005.799 1005.802 1005.805 1005.809 1005.812 1005.815 1005.819 1005.822 1005.825 1005.829 1005.832 1005.835 1005.838 1005.842 1005.845 1005.848 1005.852 1005.855 1005.858 1005.862 1005.865 1005.868 1005.871 1005.875 1005.878 1005.881 1005.885 1005.888 1005.891 1005.895 1005.898 1005.901 1005.904 1005.908 1005.911 1005.914 1005.918 1005.921 1005.924 1005.927 1005.931 1005.934 1005.937 1005.941 1005.944 1005.947 1005.951 1005.954 1005.957 1005.961 1005.964 1005.967 1005.97 1005.974 1005.977 1005.98
1005.842 1005.846 1005.849 1005.852 1005.856 1005.859 1005.862 1005.865 1005.869 1005.872 1005.875 1005.879 1005.882 1005.885 1005.889 1005.892 1005.895 1005.898 1005.902 1005.905 1005.908 1005.912 1005.915 1005.918 1005.922 1005.925 1005.928 1005.932 1005.935 1005.938 1005.941 1005.945 1005.948 1005.951 1005.955 1005.958 1005.961 1005.965 1005.968 1005.971 1005.974 1005.978 1005.981 1005.984 1005.988 1005.991 1005.994 1005.997 1006.001 1006.004 1006.007 1006.011 1006.014 1006.017 1006.021 1006.024 1006.027 1006.031 1006.034 1006.037 1006.04 1006.044 1006.047
1005.909 1005.912 1005.916 1005.919 1005.922 1005.925 1005.929 1005.932 1005.935 1005.939 1005.942 1005.945 1005.949 1005.952 1005.955 1005.959 1005.962 1005.965 1005.968 1005.972 1005.975 1005.978 1005.982 1005.985 1005.988 1005.992 1005.995 1005.998 1006.001 1006.005 1006.008 1006.011 1006.015 1006.018 1006.021 1006.025 1006.028 1006.031 1006.034 1006.038 1006.041 1006.044 1006.048 1006.051 1006.054 1006.058 1006.061 1006.064 1006.067 1006.071 1006.074 1006.077 1006.081 1006.084 1006.087 1006.091 1006.094 1006.097 1006.1 1006.104 1006.107 1006.11 1006.114
1005.976 1005.979 1005.982 1005.986 1005.989 1005.992 1005.996 1005.999 1006.002 1006.005 1006.009 1006.012 1006.015 1006.019 1006.022 1006.025 1006.029 1006.032 1006.035 1006.038 1006.042 1006.045 1006.048 1006.052 1006.055 1006.058 1006.062 1006.065 1006.068 1006.071 1006.075 1006.078 1006.081 1006.085 1006.088 1006.091 1006.095 1006.098 1006.101 1006.104 1006.108 1006.111 1006.114 1006.118 1006.121 1006.124 1006.128 1006.131 1006.134 1006.137 1006.141 1006.144 1006.147 1006.151 1006.154 1006.157 1006.161 1006.164 1006.167 1006.17 1006.174 1006.177 1006.18
1006.042 1006.046 1006.049 1006.052 1006.056 1006.059 1006.062 1006.065 1006.069 1006.072 1006.075 1006.079 1006.082 1006.085 1006.089 1006.092 1006.095 1006.099 1006.102 1006.105 1006.108 1006.112 1006.115 1006.118 1006.122 1006.125 1006.128 1006.131 1006.135 1006.138 1006.141 1006.145 1006.148 1006.151 1006.155 1006.158 1006.161 1006.164 1006.168 1006.171 1006.174 1006.178 1006.181 1006.184 1006.188 1006.191 1006.194 1006.197 1006.201 1006.204 1006.207 1006.211 1006.214 1006.217 1006.221 1006.224 1006.227 1006.23 1006.234 1006.237 1006.24 1006.244 1006.247
1006.109 1006.112 1006.116 1006.119 1006.122 1006.125 1006.129 1006.132 1006.135 1006.139 1006.142 1006.145 1006.149 1006.152 1006.155 1006.159 1006.162 1006.165 1006.168 1006.172 1006.175 1006.178 1006.182 1006.185 1006.188 1006.192 1006.195 1006.198 1006.201 1006.205 1006.208 1006.211 1006.215 1006.218 1006.221 1006.225 1006.228 1006.231 1006.234 1006.238 1006.241 1006.244 1006.248 1006.251 1006.254 1006.258 1006.261 1006.264 1006.267 1006.271 1006.274 1006.277 1006.281 1006.284 1006.287 1006.291 1006.294 1006.297 1006.3 1006.304 1006.307 1006.31 1006.314
1006.176 1006.179 1006.182 1006.186 1006.189 1006.192 1006.195 1006.199 1006.202 1006.205 1006.209 1006.212 1006.215 1006.219 1006.222 1006.225 1006.229 1006.232 1006.235 1006.238 1006.242 1006.245 1006.248 1006.252 1006.255 1006.258 1006.261 1006.265 1006.268 1006.271 1006.275 1006.278 1006.281 1006.285 1006.288 1006.291 1006.294 1006.298 1006.301 1006.304 1006.308 1006.311 1006.314 1006.318 1006.321 1006.324 1006.328 1006.331 1006.334 1006.337 1006.341 1006.344 1006.347 1006.351 1006.354 1006.357 1006.361 1006.364 1006.367 1006.37 1006.374 1006.377 1006.38
1006.242 1006.246 1006.249 1006.252 1006.256 1006.259 1006.262 1006.266 1006.269 1006.272 1006.275 1006.279 1006.282 1006.285 1006.289 1006.292 1006.295 1006.299 1006.302 1006.305 1006.308 1006.312 1006.315 1006.318 1006.322 1006.325 1006.328 1006.331 1006.335 1006.338 1006.341 1006.345 1006.348 1006.351 1006.355 1006.358 1006.361 1006.365 1006.368 1006.371 1006.374 1006.378 1006.381 1006.384 1006.388 1006.391 1006.394 1006.397 1006.401 1006.404 1006.407 1006.411 1006.414 1006.417 1006.421 1006.424 1006.427 1006.43 1006.434 1006.437 1006.44 1006.444 1006.447
1006.309 1006.312 1006.316 1006.319 1006.322 1006.326 1006.329 1006.332 1006.336 1006.339 1006.342 1006.345 1006.349 1006.352 1006.355 1006.359 1006.362 1006.365 1006.368 1006.372 1006.375 1006.378 1006.382 1006.385 1006.388 1006.392 1006.395 1006.398 1006.401 1006.405 1006.408 1006.411 1006.415 1006.418 1006.421 1006.425 1006.428 1006.431 1006.434 1006.438 1006.441 1006.444 1006.448 1006.451 1006.454 1006.458 1006.461 1006.464 1006.467 1006.471 1006.474 1006.477 1006.481 1006.484 1006.487 1006.491 1006.494 1006.497 1006.5 1006.504 1006.507 1006.51 1006.514
1006.376 1006.379 1006.382 1006.386 1006.389 1006.392 1006.396 1006.399 1006.402 1006.405 1006.409 1006.412 1006.415 1006.419 1006.422 1006.425 1006.429 1006.432 1006.435 1006.438 1006.442 1006.445 1006.448 1006.452 1006.455 1006.458 1006.461 1006.465 1006.468 1006.471 1006.475 1006.478 1006.481 1006.485 1006.488 1006.491 1006.495 1006.498 1006.501 1006.504 1006.508 1006.511 1006.514 1006.518 1006.521 1006.524 1006.528 1006.531 1006.534 1006.537 1006.541 1006.544 1006.547 1006.551 1006.554 1006.557 1006.561 1006.564 1006.567 1006.57 1006.574 1006.577 1006.58
1006.442 1006.446 1006.449 1006.452 1006.456 1006.459 1006.462 1006.465 1006.469 1006.472 1006.475 1006.479 1006.482 1006.485 1006.489 1006.492 1006.495 1006.499 1006.502 1006.505 1006.508 1006.512 1006.515 1006.518 1006.522 1006.525 1006.528 1006.531 1006.535 1006.538 1006.541 1006.545 1006.548 1006.551 1006.555 1006.558 1006.561 1006.565 1006.568 1006.571 1006.574 1006.578 1006.581 1006.584 1006.588 1006.591 1006.594 1006.597 1006.601 1006.604 1006.607 1006.611 1006.614 1006.617 1006.621 1006.624 1006.627 1006.63 1006.634 1006.637 1006.64 1006.644 1006.647
1006.509 1006.512 1006.516 1006.519 1006.522 1006.526 1006.529 1006.532 1006.536 1006.539 1006.542 1006.545 1006.549 1006.552 1006.555 1006.559 1006.562 1006.565 1006.568 1006.572 1006.575 1006.578 1006.582 1006.585 1006.588 1006.592 1006.595 1006.598 1006.601 1006.605 1006.608 1006.611 1006.615 1006.618 1006.621 1006.625 1006.628 1006.631 1006.634 1006.638 1006.641 1006.644 1006.648 1006.651 1006.654 1006.658 1006.661 1006.664 1006.667 1006.671 1006.674 1006.677 1006.681 1006.684 1006.687 1006.69 1006.694 1006.697 1006.7 1006.704 1006.707 1006.71 1006.714
1006.576 1006.579 1006.582 1006.586 1006.589 1006.592 1006.596 1006.599 1006.602 1006.605 1006.609 1006.612 1006.615 1006.619 1006.622 1006.625 1006.629 1006.632 1006.635 1006.638 1006.642 1006.645 1006.648 1006.652 1006.655 1006.658 1006.661 1006.665 1006.668 1006.671 1006.675 1006.678 1006.681 1006.685 1006.688 1006.691 1006.695 1006.698 1006.701 1006.704 1006.708 1006.711 1006.714 1006.718 1006.721 1006.724 1006.727 1006.731 1006.734 1006.737 1006.741 1006.744 1006.747 1006.751 1006.754 1006.757 1006.761 1006.764 1006.767 1006.77 1006.774 1006.777 1006.78
1006.642 1006.646 1006.649 1006.652 1006.656 1006.659 1006.662 1006.665 1006.669 1006.672 1006.675 1006.679 1006.682 1006.685 1006.689 1006.692 1006.695 1006.698 1006.702 1006.705 1006.708 1006.712 1006.715 1006.718 1006.722 1006.725 1006.728 1006.732 1006.735 1006.738 1006.741 1006.745 1006.748 1006.751 1006.755 1006.758 1006.761 1006.765 1006.768 1006.771 1006.774 1006.778 1006.781 1006.784 1006.788 1006.791 1006.794 1006.797 1006.801 1006.804 1006.807 1006.811 1006.814 1006.817 1006.821 1006.824 1006.827 1006.831 1006.834 1006.837 1006.84 1006.844 1006.847
1006.709 1006.712 1006.716 1006.719 1006.722 1006.725 1006.729 1006.732 1006.736 1006.739 1006.742 1006.745 1006.749 1006.752 1006.755 1006.759 1006.762 1006.765 1006.768 1006.772 1006.775 1006.778 1006.782 1006.785 1006.788 1006.792 1006.795 1006.798 1006.801 1006.805 1006.808 1006.811 1006.815 1006.818 1006.821 1006.825 1006.828 1006.831 1006.834 1006.838 1006.841 1006.844 1006.848 1006.851 1006.854 1006.858 1006.861 1006.864 1006.867 1006.871 1006.874 1006.877 1006.881 1006.884 1006.887 1006.891 1006.894 1006.897 1006.9 1006.904 1006.907 1006.91 1006.914
1006.776 1006.779 1006.782 1006.786 1006.789 1006.792 1006.796 1006.799 1006.802 1006.805 1006.809 1006.812 1006.815 1006.819 1006.822 1006.825 1006.829 1006.832 1006.835 1006.838 1006.842 1006.845 1006.848 1006.852 1006.855 1006.858 1006.862 1006.865 1006.868 1006.871 1006.875 1006.878 1006.881 1006.885 1006.888 1006.891 1006.895 1006.898 1006.901 1006.904 1006.908 1006.911 1006.914 1006.918 1006.921 1006.924 1006.927 1006.931 1006.934 1006.937 1006.941 1006.944 1006.947 1006.951 1006.954 1006.957 1006.961 1006.964 1006.967 1006.97 1006.974 1006.977 1006.98
1006.842 1006.846 1006.849 1006.852 1006.856 1006.859 1006.862 1006.865 1006.869 1006.872 1006.875 1006.879 1006.882 1006.885 1006.889 1006.892 1006.895 1006.898 1006.902 1006.905 1006.908 1006.912 1006.915 1006.918 1006.922 1006.925 1006.928 1006.932 1006.935 1006.938 1006.941 1006.945 1006.948 1006.951 1006.955 1006.958 1006.961 1006.965 1006.968 1006.971 1006.974 1006.978 1006.981 1006.984 1006.988 1006.991 1006.994 1006.997 1007.001 1007.004 1007.007 1007.011 1007.014 1007.017 1007.021 1007.024 1007.027 1007.031 1007.034 1007.037 1007.04 1007.044 1007.047
1006.909 1006.912 1006.916 1006.919 1006.922 1006.925 1006.929 1006.932 1006.935 1006.939 1006.942 1006.945 1006.949 1006.952 1006.955 1006.959 1006.962 1006.965 1006.968 1006.972 1006.975 1006.978 1006.982 1006.985 1006.988 1006.992 1006.995 1006.998 1007.001 1007.005 1007.008 1007.011 1007.015 1007.018 1007.021 1007.025 1007.028 1007.031 1007.034 1007.038 1007.041 1007.044 1007.048 1007.051 1007.054 1007.058 1007.061 1007.064 1007.067 1007.071 1007.074 1007.077 1007.081 1007.084 1007.087 1007.091 1007.094 1007.097 1007.1 1007.104 1007.107 1007.11 1007.114
1006.976 1006.979 1006.982 1006.986 1006.989 1006.992 1006.996 1006.999 1007.002 1007.005 1007.009 1007.012 1007.015 1007.019 1007.022 1007.025 1007.029 1007.032 1007.035 1007.038 1007.042 1007.045 1007.048 1007.052 1007.055 1007.058 1007.062 1007.065 1007.068 1007.071 1007.075 1007.078 1007.081 1007.085 1007.088 1007.091 1007.095 1007.098 1007.101 1007.104 1007.108 1007.111 1007.114 1007.118 1007.121 1007.124 1007.128 1007.131 1007.134 1007.137 1007.141 1007.144 1007.147 1007.151 1007.154 1007.157 1007.161 1007.164 1007.167 1007.17 1007.174 1007.177 1007.18
1007.042 1007.046 1007.049 1007.052 1007.056 1007.059 1007.062 1007.065 1007.069 1007.072 1007.075 1007.079 1007.082 1007.085 1007.089 1007.092 1007.095 1007.099 1007.102 1007.105 1007.108 1007.112 1007.115 1007.118 1007.122 1007.125 1007.128 1007.131 1007.135 1007.138 1007.141 1007.145 1007.148 1007.151 1007.155 1007.158 1007.161 1007.164 1007.168 1007.171 1007.174 1007.178 1007.181 1007.184 1007.188 1007.191 1007.194 1007.197 1007.201 1007.204 1007.207 1007.211 1007.214 1007.217 1007.221 1007.224 1007.227 1007.23 1007.234 1007.237 1007.24 1007.244 1007.247
1007.109 1007.112 1007.116 1007.119 1007.122 1007.125 1007.129 1007.132 1007.135 1007.139 1007.142 1007.145 1007.149 1007.152 1007.155 1007.159 1007.162 1007.165 1007.168 1007.172 1007.175 1007.178 1007.182 1007.185 1007.188 1007.192 1007.195 1007.198 1007.201 1007.205 1007.208 1007.211 1007.215 1007.218 1007.221 1007.225 1007.228 1007.231 1007.234 1007.238 1007.241 1007.244 1007.248 1007.251 1007.254 1007.258 1007.261 1007.264 1007.267 1007.271 1007.274 1007.277 1007.281 1007.284 1007.287 1007.291 1007.294 1007.297 1007.3 1007.304 1007.307 1007.31 1007.314
1007.176 1007.179 1007.182 1007.186 1007.189 1007.192 1007.195 1007.199 1007.202 1007.205 1007.209 1007.212 1007.215 1007.219 1007.222 1007.225 1007.229 1007.232 1007.235 1007.238 1007.242 1007.245 1007.248 1007.252 1007.255 1007.258 1007.261 1007.265 1007.268 1007.271 1007.275 1007.278 1007.281 1007.285 1007.288 1007.291 1007.294 1007.298 1007.301 1007.304 1007.308 1007.311 1007.314 1007.318 1007.321 1007.324 1007.328 1007.331 1007.334 1007.337 1007.341 1007.344 1007.347 1007.351 1007.354 1007.357 1007.361 1007.364 1007.367 1007.37 1007.374 1007.377 1007.38
1007.509 1007.512 1007.516 1007.519 1007.522 1007.526 1007.529 1007.532 1007.536 1007.539 1007.542 1007.545 1007.549 1007.552 1007.555 1007.559 1007.562 1007.565 1007.568 1007.572 1007.575 1007.578 1007.582 1007.585 1007.588 1007.592 1007.595 1007.598 1007.601 1007.605 1007.608 1007.611 1007.615 1007.618 1007.621 1007.625 1007.628 1007.631 1007.634 1007.638 1007.641 1007.644 1007.648 1007.651 1007.654 1007.658 1007.661 1007.664 1007.667 1007.671 1007.674 1007.677 1007.681 1007.684 1007.687 1007.69 1007.694 1007.697 1007.7 1007.704 1007.707 1007.71 1007.714
