inputFiles/vanillac4_dem_1m.asc
ncols         769
nrows         149
xllcorner     100
yllcorner     25.75
cellsize      1
NODATA_value  -9999
[rows 84 to 111 of 149, columns 504 to 566 of 769]
1003.525 1003.529 1003.532 1003.535 1003.539 1003.542 1003.545 1003.548 1003.552 1003.555 1003.558 1003.562 1003.565 1003.568 1003.572 1003.575 1003.578 1003.582 1003.585 1003.588 1003.591 1003.595 1003.598 1003.601 1003.605 1003.608 1003.611 1003.615 1003.618 1003.621 1003.624 1003.628 1003.631 1003.634 1003.638 1003.641 1003.644 1003.648 1003.651 1003.654 1003.657 1003.661 1003.664 1003.667 1003.671 1003.674 1003.677 1003.681 1003.684 1003.687 1003.69 1003.694 1003.697 1003.7 1003.704 1003.707 1003.71 1003.714 1003.717 1003.72 1003.723 1003.727 1003.73
1003.61 1003.613 1003.617 1003.62 1003.623 1003.627 1003.63 1003.633 1003.636 1003.64 1003.643 1003.646 1003.65 1003.653 1003.656 1003.659 1003.663 1003.666 1003.669 1003.673 1003.676 1003.679 1003.683 1003.686 1003.689 1003.692 1003.696 1003.699 1003.702 1003.706 1003.709 1003.712 1003.716 1003.719 1003.722 1003.725 1003.729 1003.732 1003.735 1003.739 1003.742 1003.745 1003.749 1003.752 1003.755 1003.758 1003.762 1003.765 1003.768 1003.772 1003.775 1003.778 1003.782 1003.785 1003.788 1003.792 1003.795 1003.798 1003.801 1003.805 1003.808 1003.811 1003.815
1003.698 1003.701 1003.704 1003.708 1003.711 1003.714 1003.717 1003.721 1003.724 1003.727 1003.731 1003.734 1003.737 1003.741 1003.744 1003.747 1003.75 1003.754 1003.757 1003.76 1003.764 1003.767 1003.77 1003.773 1003.777 1003.78 1003.783 1003.787 1003.79 1003.793 1003.797 1003.8 1003.803 1003.807 1003.81 1003.813 1003.816 1003.82 1003.823 1003.826 1003.83 1003.833 1003.836 1003.84 1003.843 1003.846 1003.849 1003.853 1003.856 1003.859 1003.863 1003.866 1003.869 1003.873 1003.876 1003.879 1003.882 1003.886 1003.889 1003.892 1003.896 1003.899 1003.902
1003.798 1003.801 1003.804 1003.807 1003.811 1003.814 1003.817 1003.821 1003.824 1003.827 1003.831 1003.834 1003.837 1003.841 1003.844 1003.847 1003.85 1003.854 1003.857 1003.86 1003.864 1003.867 1003.87 1003.873 1003.877 1003.88 1003.883 1003.887 1003.89 1003.893 1003.897 1003.9 1003.903 1003.906 1003.91 1003.913 1003.916 1003.92 1003.923 1003.926 1003.93 1003.933 1003.936 1003.94 1003.943 1003.946 1003.949 1003.953 1003.956 1003.959 1003.963 1003.966 1003.969 1003.973 1003.976 1003.979 1003.982 1003.986 1003.989 1003.992 1003.996 1003.999 1004.002
1003.902 1003.905 1003.908 1003.912 1003.915 1003.918 1003.922 1003.925 1003.928 1003.931 1003.935 1003.938 1003.941 1003.945 1003.948 1003.951 1003.955 1003.958 1003.961 1003.964 1003.968 1003.971 1003.974 1003.978 1003.981 1003.984 1003.988 1003.991 1003.994 1003.997 1004.001 1004.004 1004.007 1004.011 1004.014 1004.017 1004.021 1004.024 1004.027 1004.03 1004.034 1004.037 1004.04 1004.044 1004.047 1004.05 1004.054 1004.057 1004.06 1004.063 1004.067 1004.07 1004.073 1004.077 1004.08 1004.083 1004.087 1004.09 1004.093 1004.096 1004.1 1004.103 1004.106
1004.017 1004.02 1004.024 1004.027 1004.03 1004.034 1004.037 1004.04 1004.044 1004.047 1004.05 1004.053 1004.057 1004.06 1004.063 1004.067 1004.07 1004.073 1004.077 1004.08 1004.083 1004.086 1004.09 1004.093 1004.096 1004.1 1004.103 1004.106 1004.109 1004.113 1004.116 1004.119 1004.123 1004.126 1004.129 1004.133 1004.136 1004.139 1004.142 1004.146 1004.149 1004.152 1004.156 1004.159 1004.162 1004.166 1004.169 1004.172 1004.175 1004.179 1004.182 1004.185 1004.189 1004.192 1004.195 1004.199 1004.202 1004.205 1004.208 1004.212 1004.215 1004.218 1004.222
1004.138 1004.141 1004.144 1004.148 1004.151 1004.154 1004.158 1004.161 1004.164 1004.168 1004.171 1004.174 1004.177 1004.181 1004.184 1004.187 1004.191 1004.194 1004.197 1004.201 1004.204 1004.207 1004.21 1004.214 1004.217 1004.22 1004.224 1004.227 1004.23 1004.234 1004.237 1004.24 1004.243 1004.247 1004.25 1004.253 1004.257 1004.26 1004.263 1004.267 1004.27 1004.273 1004.276 1004.28 1004.283 1004.286 1004.29 1004.293 1004.296 1004.299 1004.303 1004.306 1004.309 1004.313 1004.316 1004.319 1004.323 1004.326 1004.329 1004.332 1004.336 1004.339 1004.342
1004.268 1004.272 1004.275 1004.278 1004.282 1004.285 1004.288 1004.292 1004.295 1004.298 1004.302 1004.305 1004.308 1004.311 1004.315 1004.318 1004.321 1004.325 1004.328 1004.331 1004.334 1004.338 1004.341 1004.344 1004.348 1004.351 1004.354 1004.358 1004.361 1004.364 1004.367 1004.371 1004.374 1004.377 1004.381 1004.384 1004.387 1004.391 1004.394 1004.397 1004.4 1004.404 1004.407 1004.41 1004.414 1004.417 1004.42 1004.424 1004.427 1004.43 1004.433 1004.437 1004.44 1004.443 1004.447 1004.45 1004.453 1004.457 1004.46 1004.463 1004.466 1004.47 1004.473
1004.406 1004.409 1004.412 1004.416 1004.419 1004.422 1004.425 1004.429 1004.432 1004.435 1004.439 1004.442 1004.445 1004.449 1004.452 1004.455 1004.458 1004.462 1004.465 1004.468 1004.472 1004.475 1004.478 1004.482 1004.485 1004.488 1004.492 1004.495 1004.498 1004.501 1004.505 1004.508 1004.511 1004.515 1004.518 1004.521 1004.525 1004.528 1004.531 1004.534 1004.538 1004.541 1004.544 1004.548 1004.551 1004.554 1004.557 1004.561 1004.564 1004.567 1004.571 1004.574 1004.577 1004.581 1004.584 1004.587 1004.591 1004.594 1004.597 1004.6 1004.604 1004.607 1004.61
1004.552 1004.555 1004.558 1004.562 1004.565 1004.568 1004.572 1004.575 1004.578 1004.582 1004.585 1004.588 1004.591 1004.595 1004.598 1004.601 1004.605 1004.608 1004.611 1004.615 1004.618 1004.621 1004.624 1004.628 1004.631 1004.634 1004.638 1004.641 1004.644 1004.648 1004.651 1004.654 1004.657 1004.661 1004.664 1004.667 1004.671 1004.674 1004.677 1004.681 1004.684 1004.687 1004.69 1004.694 1004.697 1004.7 1004.704 1004.707 1004.71 1004.714 1004.717 1004.72 1004.723 1004.727 1004.73 1004.733 1004.737 1004.74 1004.743 1004.746 1004.75 1004.753 1004.756
1004.658 1004.661 1004.665 1004.668 1004.671 1004.675 1004.678 1004.681 1004.685 1004.688 1004.691 1004.694 1004.698 1004.701 1004.704 1004.708 1004.711 1004.714 1004.718 1004.721 1004.724 1004.727 1004.731 1004.734 1004.737 1004.741 1004.744 1004.747 1004.751 1004.754 1004.757 1004.76 1004.764 1004.767 1004.77 1004.774 1004.777 1004.78 1004.784 1004.787 1004.79 1004.793 1004.797 1004.8 1004.803 1004.807 1004.81 1004.813 1004.817 1004.82 1004.823 1004.826 1004.83 1004.833 1004.836 1004.84 1004.843 1004.846 1004.85 1004.853 1004.856 1004.859 1004.863
1004.725 1004.728 1004.731 1004.735 1004.738 1004.741 1004.745 1004.748 1004.751 1004.755 1004.758 1004.761 1004.764 1004.768 1004.771 1004.774 1004.778 1004.781 1004.784 1004.788 1004.791 1004.794 1004.797 1004.801 1004.804 1004.807 1004.811 1004.814 1004.817 1004.821 1004.824 1004.827 1004.83 1004.834 1004.837 1004.84 1004.844 1004.847 1004.85 1004.854 1004.857 1004.86 1004.863 1004.867 1004.87 1004.873 1004.877 1004.88 1004.883 1004.887 1004.89 1004.893 1004.896 1004.9 1004.903 1004.906 1004.91 1004.913 1004.916 1004.92 1004.923 1004.926 1004.929
1004.792 1004.795 1004.798 1004.801 1004.805 1004.808 1004.811 1004.815 1004.818 1004.821 1004.825 1004.828 1004.831 1004.834 1004.838 1004.841 1004.844 1004.848 1004.851 1004.854 1004.857 1004.861 1004.864 1004.867 1004.871 1004.874 1004.877 1004.881 1004.884 1004.887 1004.891 1004.894 1004.897 1004.9 1004.904 1004.907 1004.91 1004.914 1004.917 1004.92 1004.923 1004.927 1004.93 1004.933 1004.937 1004.94 1004.943 1004.947 1004.95 1004.953 1004.957 1004.96 1004.963 1004.966 1004.97 1004.973 1004.976 1004.98 1004.983 1004.986 1004.99 1004.993 1004.996
1004.858 1004.862 1004.865 1004.868 1004.871 1004.875 1004.878 1004.881 1004.885 1004.888 1004.891 1004.894 1004.898 1004.901 1004.904 1004.908 1004.911 1004.914 1004.918 1004.921 1004.924 1004.927 1004.931 1004.934 1004.937 1004.941 1004.944 1004.947 1004.951 1004.954 1004.957 1004.961 1004.964 1004.967 1004.97 1004.974 1004.977 1004.98 1004.984 1004.987 1004.99 1004.993 1004.997 1005 1005.003 1005.007 1005.01 1005.013 1005.017 1005.02 1005.023 1005.026 1005.03 1005.033 1005.036 1005.04 1005.043 1005.046 1005.05 1005.053 1005.056 1005.06 1005.063
1004.925 1004.928 1004.931 1004.935 1004.938 1004.941 1004.945 1004.948 1004.951 1004.955 1004.958 1004.961 1004.964 1004.968 1004.971 1004.974 1004.978 1004.981 1004.984 1004.987 1004.991 1004.994 1004.997 1005.001 1005.004 1005.007 1005.011 1005.014 1005.017 1005.021 1005.024 1005.027 1005.03 1005.034 1005.037 1005.04 1005.044 1005.047 1005.05 1005.054 1005.057 1005.06 1005.063 1005.067 1005.07 1005.073 1005.077 1005.08 1005.083 1005.086 1005.09 1005.093 1005.096 1005.1 1005.103 1005.106 1005.11 1005.113 1005.116 1005.12 1005.123 1005.126 1005.129
1004.992 1004.995 1004.998 1005.001 1005.005 1005.008 1005.011 1005.015 1005.018 1005.021 1005.025 1005.028 1005.031 1005.034 1005.038 1005.041 1005.044 1005.048 1005.051 1005.054 1005.057 1005.061 1005.064 1005.067 1005.071 1005.074 1005.077 1005.081 1005.084 1005.087 1005.091 1005.094 1005.097 1005.1 1005.104 1005.107 1005.11 1005.114 1005.117 1005.12 1005.123 1005.127 1005.13 1005.133 1005.137 1005.14 1005.143 1005.147 1005.15 1005.153 1005.156 1005.16 1005.163 1005.166 1005.17 1005.173 1005.176 1005.18 1005.183 1005.186 1005.19 1005.193 1005.196
1005.058 1005.061 1005.065 1005.068 1005.071 1005.075 1005.078 1005.081 1005.085 1005.088 1005.091 1005.094 1005.098 1005.101 1005.104 1005.108 1005.111 1005.114 1005.118 1005.121 1005.124 1005.128 1005.131 1005.134 1005.137 1005.141 1005.144 1005.147 1005.151 1005.154 1005.157 1005.161 1005.164 1005.167 1005.17 1005.174 1005.177 1005.18 1005.184 1005.187 1005.19 1005.193 1005.197 1005.2 1005.203 1005.207 1005.21 1005.213 1005.217 1005.22 1005.223 1005.226 1005.23 1005.233 1005.236 1005.24 1005.243 1005.246 1005.25 1005.253 1005.256 1005.26 1005.263
1005.125 1005.128 1005.131 1005.135 1005.138 1005.141 1005.145 1005.148 1005.151 1005.155 1005.158 1005.161 1005.164 1005.168 1005.171 1005.174 1005.178 1005.181 1005.184 1005.188 1005.191 1005.194 1005.197 1005.201 1005.204 1005.207 1005.211 1005.214 1005.217 1005.221 1005.224 1005.227 1005.23 1005.234 1005.237 1005.24 1005.244 1005.247 1005.25 1005.254 1005.257 1005.26 1005.263 1005.267 1005.27 1005.273 1005.277 1005.28 1005.283 1005.286 1005.29 1005.293 1005.296 1005.3 1005.303 1005.306 1005.31 1005.313 1005.316 1005.32 1005.323 1005.326 1005.329
1005.192 1005.195 1005.198 1005.201 1005.205 1005.208 1005.211 1005.215 1005.218 1005.221 1005.225 1005.228 1005.231 1005.234 1005.238 1005.241 1005.244 1005.248 1005.251 1005.254 1005.258 1005.261 1005.264 1005.267 1005.271 1005.274 1005.277 1005.281 1005.284 1005.287 1005.291 1005.294 1005.297 1005.3 1005.304 1005.307 1005.31 1005.314 1005.317 1005.32 1005.323 1005.327 1005.33 1005.333 1005.337 1005.34 1005.343 1005.347 1005.35 1005.353 1005.357 1005.36 1005.363 1005.366 1005.37 1005.373 1005.376 1005.38 1005.383 1005.386 1005.39 1005.393 1005.396
1005.258 1005.261 1005.265 1005.268 1005.271 1005.275 1005.278 1005.281 1005.285 1005.288 1005.291 1005.294 1005.298 1005.301 1005.304 1005.308 1005.311 1005.314 1005.318 1005.321 1005.324 1005.328 1005.331 1005.334 1005.337 1005.341 1005.344 1005.347 1005.351 1005.354 1005.357 1005.361 1005.364 1005.367 1005.37 1005.374 1005.377 1005.38 1005.384 1005.387 1005.39 1005.393 1005.397 1005.4 1005.403 1005.407 1005.41 1005.413 1005.417 1005.42 1005.423 1005.426 1005.43 1005.433 1005.436 1005.44 1005.443 1005.446 1005.45 1005.453 1005.456 1005.459 1005.463
1005.325 1005.328 1005.331 1005.335 1005.338 1005.341 1005.345 1005.348 1005.351 1005.355 1005.358 1005.361 1005.364 1005.368 1005.371 1005.374 1005.378 1005.381 1005.384 1005.388 1005.391 1005.394 1005.397 1005.401 1005.404 1005.407 1005.411 1005.414 1005.417 1005.421 1005.424 1005.427 1005.43 1005.434 1005.437 1005.44 1005.444 1005.447 1005.45 1005.454 1005.457 1005.46 1005.463 1005.467 1005.47 1005.473 1005.477 1005.48 1005.483 1005.487 1005.49 1005.493 1005.496 1005.5 1005.503 1005.506 1005.51 1005.513 1005.516 1005.52 1005.523 1005.526 1005.529
1005.391 1005.395 1005.398 1005.401 1005.405 1005.408 1005.411 1005.415 1005.418 1005.421 1005.425 1005.428 1005.431 1005.434 1005.438 1005.441 1005.444 1005.448 1005.451 1005.454 1005.458 1005.461 1005.464 1005.467 1005.471 1005.474 1005.477 1005.481 1005.484 1005.487 1005.49 1005.494 1005.497 1005.5 1005.504 1005.507 1005.51 1005.514 1005.517 1005.52 1005.523 1005.527 1005.53 1005.533 1005.537 1005.54 1005.543 1005.547 1005.55 1005.553 1005.557 1005.56 1005.563 1005.566 1005.57 1005.573 1005.576 1005.58 1005.583 1005.586 1005.59 1005.593 1005.596
1005.458 1005.461 1005.465 1005.468 1005.471 1005.475 1005.478 1005.481 1005.485 1005.488 1005.491 1005.495 1005.498 1005.501 1005.504 1005.508 1005.511 1005.514 1005.518 1005.521 1005.524 1005.527 1005.531 1005.534 1005.537 1005.541 1005.544 1005.547 1005.551 1005.554 1005.557 1005.561 1005.564 1005.567 1005.57 1005.574 1005.577 1005.58 1005.584 1005.587 1005.59 1005.593 1005.597 1005.6 1005.603 1005.607 1005.61 1005.613 1005.617 1005.62 1005.623 1005.626 1005.63 1005.633 1005.636 1005.64 1005.643 1005.646 1005.65 1005.653 1005.656 1005.659 1005.663
1005.525 1005.528 1005.531 1005.535 1005.538 1005.541 1005.545 1005.548 1005.551 1005.555 1005.558 1005.561 1005.564 1005.568 1005.571 1005.574 1005.578 1005.581 1005.584 1005.588 1005.591 1005.594 1005.597 1005.601 1005.604 1005.607 1005.611 1005.614 1005.617 1005.621 1005.624 1005.627 1005.63 1005.634 1005.637 1005.64 1005.644 1005.647 1005.65 1005.654 1005.657 1005.66 1005.663 1005.667 1005.67 1005.673 1005.677 1005.68 1005.683 1005.687 1005.69 1005.693 1005.696 1005.7 1005.703 1005.706 1005.71 1005.713 1005.716 1005.72 1005.723 1005.726 1005.729
1005.591 1005.595 1005.598 1005.601 1005.605 1005.608 1005.611 1005.615 1005.618 1005.621 1005.625 1005.628 1005.631 1005.634 1005.638 1005.641 1005.644 1005.648 1005.651 1005.654 1005.658 1005.661 1005.664 1005.667 1005.671 1005.674 1005.677 1005.681 1005.684 1005.687 1005.69 1005.694 1005.697 1005.7 1005.704 1005.707 1005.71 1005.714 1005.717 1005.72 1005.724 1005.727 1005.73 1005.733 1005.737 1005.74 1005.743 1005.747 1005.75 1005.753 1005.757 1005.76 1005.763 1005.766 1005.77 1005.773 1005.776 1005.78 1005.783 1005.786 1005.79 1005.793 1005.796
1005.658 1005.661 1005.665 1005.668 1005.671 1005.675 1005.678 1005.681 1005.685 1005.688 1005.691 1005.694 1005.698 1005.701 1005.704 1005.708 1005.711 1005.714 1005.718 1005.721 1005.724 1005.727 1005.731 1005.734 1005.737 1005.741 1005.744 1005.747 1005.751 1005.754 1005.757 1005.76 1005.764 1005.767 1005.77 1005.774 1005.777 1005.78 1005.784 1005.787 1005.79 1005.793 1005.797 1005.8 1005.803 1005.807 1005.81 1005.813 1005.817 1005.82 1005.823 1005.826 1005.83 1005.833 1005.836 1005.84 1005.843 1005.846 1005.85 1005.853 1005.856 1005.859 1005.863
1005.725 1005.728 1005.731 1005.735 1005.738 1005.741 1005.745 1005.748 1005.751 1005.755 1005.758 1005.761 1005.764 1005.768 1005.771 1005.774 1005.778 1005.781 1005.784 1005.788 1005.791 1005.794 1005.797 1005.801 1005.804 1005.807 1005.811 1005.814 1005.817 1005.821 1005.824 1005.827 1005.83 1005.834 1005.837 1005.84 1005.844 1005.847 1005.85 1005.854 1005.857 1005.86 1005.863 1005.867 1005.87 1005.873 1005.877 1005.88 1005.883 1005.887 1005.89 1005.893 1005.896 1005.9 1005.903 1005.906 1005.91 1005.913 1005.916 1005.92 1005.923 1005.926 1005.929
1005.792 1005.795 1005.798 1005.801 1005.805 1005.808 1005.811 1005.815 1005.818 1005.821 1005.825 1005.828 1005.831 1005.834 1005.838 1005.841 1005.844 1005.848 1005.851 1005.854 1005.857 1005.861 1005.864 1005.867 1005.871 1005.874 1005.877 1005.881 1005.884 1005.887 1005.891 1005.894 1005.897 1005.9 1005.904 1005.907 1005.91 1005.914 1005.917 1005.92 1005.923 1005.927 1005.93 1005.933 1005.937 1005.94 1005.943 1005.947 1005.95 1005.953 1005.957 1005.96 1005.963 1005.966 1005.97 1005.973 1005.976 1005.98 1005.983 1005.986 1005.99 1005.993 1005.996
